NMARK= 7
MARKER_TAG= inletrotor
MARKER_ELEMS= 31
SEND_TO= 0
3	9682	13729	0
3	9685	9682	1
3	9687	9685	2
3	9689	9687	3
3	9691	9689	4
3	9693	9691	5
3	9699	9693	6
3	9703	9699	7
3	9719	9703	8
3	9725	9719	9
3	9727	9725	10
3	9731	9727	11
3	9735	9731	12
3	9739	9735	13
3	9741	9739	14
3	9745	9741	15
3	10586	9745	16
3	9747	10586	17
3	9743	9747	18
3	9737	9743	19
3	9733	9737	20
3	9729	9733	21
3	9723	9729	22
3	9717	9723	23
3	9715	9717	24
3	9713	9715	25
3	9711	9713	26
3	9709	9711	27
3	9706	9709	28
3	14053	9706	29
3	13729	14059	30
MARKER_TAG= outletrotor
MARKER_ELEMS= 31
SEND_TO= 0
3	13727	14004	0
3	9679	13727	1
3	9697	9679	2
3	10585	9697	3
3	9884	10585	4
3	9882	9884	5
3	9880	9882	6
3	9878	9880	7
3	9876	9878	8
3	9874	9876	9
3	9872	9874	10
3	9870	9872	11
3	9868	9870	12
3	9866	9868	13
3	9864	9866	14
3	9862	9864	15
3	9860	9862	16
3	9858	9860	17
3	9856	9858	18
3	9854	9856	19
3	9852	9854	20
3	9850	9852	21
3	9848	9850	22
3	9846	9848	23
3	9844	9846	24
3	9842	9844	25
3	9840	9842	26
3	9838	9840	27
3	9836	9838	28
3	13730	9836	29
3	14112	13730	30
MARKER_TAG= wall1rotor
MARKER_ELEMS= 50
SEND_TO= 0
3	14054	14053	0
3	14052	14054	1
3	14051	14052	2
3	14050	14051	3
3	14049	14050	4
3	14048	14049	5
3	14047	14048	6
3	14046	14047	7
3	14045	14046	8
3	14044	14045	9
3	14043	14044	10
3	14042	14043	11
3	14041	14042	12
3	14040	14041	13
3	14039	14040	14
3	14038	14039	15
3	14037	14038	16
3	14036	14037	17
3	14035	14036	18
3	14034	14035	19
3	14033	14034	20
3	14032	14033	21
3	14031	14032	22
3	14030	14031	23
3	14029	14030	24
3	14028	14029	25
3	14027	14028	26
3	14026	14027	27
3	14025	14026	28
3	14024	14025	29
3	14023	14024	30
3	14022	14023	31
3	14021	14022	32
3	14020	14021	33
3	14019	14020	34
3	14018	14019	35
3	14017	14018	36
3	14016	14017	37
3	14015	14016	38
3	14014	14015	39
3	14013	14014	40
3	14012	14013	41
3	14011	14012	42
3	14010	14011	43
3	14009	14010	44
3	14008	14009	45
3	14007	14008	46
3	14006	14007	47
3	14005	14006	48
3	14004	14005	49
MARKER_TAG= wall2rotor
MARKER_ELEMS= 50
SEND_TO= 0
3	9888	13730	0
3	9890	9888	1
3	9892	9890	2
3	9894	9892	3
3	9896	9894	4
3	9898	9896	5
3	9900	9898	6
3	9902	9900	7
3	9904	9902	8
3	9906	9904	9
3	9908	9906	10
3	9910	9908	11
3	9912	9910	12
3	9914	9912	13
3	9916	9914	14
3	9920	9916	15
3	9926	9920	16
3	9932	9926	17
3	10594	9932	18
3	9924	10594	19
3	9922	9924	20
3	9918	9922	21
3	9886	9918	22
3	9833	9886	23
3	9829	9833	24
3	9827	9829	25
3	9821	9827	26
3	9819	9821	27
3	9815	9819	28
3	9809	9815	29
3	9805	9809	30
3	9799	9805	31
3	9793	9799	32
3	9791	9793	33
3	9785	9791	34
3	9777	9785	35
3	9775	9777	36
3	9771	9775	37
3	9767	9771	38
3	9765	9767	39
3	9763	9765	40
3	9761	9763	41
3	9759	9761	42
3	9757	9759	43
3	9755	9757	44
3	9753	9755	45
3	9751	9753	46
3	9749	9751	47
3	9701	9749	48
3	13729	9701	49
MARKER_TAG= bladerotor
MARKER_ELEMS= 324
SEND_TO= 0
3	13731	13732	0
3	13732	13733	1
3	13733	13734	2
3	13734	13735	3
3	13735	13736	4
3	13736	13737	5
3	13737	13738	6
3	13738	13739	7
3	13739	13740	8
3	13740	13741	9
3	13741	13742	10
3	13742	13743	11
3	13743	13744	12
3	13744	13745	13
3	13745	13746	14
3	13746	13747	15
3	13747	13748	16
3	13748	13749	17
3	13749	13750	18
3	13750	13751	19
3	13751	13752	20
3	13752	13753	21
3	13753	13754	22
3	13754	13755	23
3	13755	13756	24
3	13756	13757	25
3	13757	13758	26
3	13758	13759	27
3	13759	13760	28
3	13760	13761	29
3	13761	13762	30
3	13762	13763	31
3	13763	13764	32
3	13764	13765	33
3	13765	13766	34
3	13766	13767	35
3	13767	13768	36
3	13768	13769	37
3	13769	13770	38
3	13770	13771	39
3	13771	13772	40
3	13772	13773	41
3	13773	13774	42
3	13774	13775	43
3	13775	13776	44
3	13776	13777	45
3	13777	13778	46
3	13778	13779	47
3	13779	13780	48
3	13780	13781	49
3	13781	13782	50
3	13782	13783	51
3	13783	13784	52
3	13784	13785	53
3	13785	13786	54
3	13786	13787	55
3	13787	13788	56
3	13788	13789	57
3	13789	13790	58
3	13790	13791	59
3	13791	13792	60
3	13792	13793	61
3	13793	13794	62
3	13794	13795	63
3	13795	13796	64
3	13796	13797	65
3	13797	13798	66
3	13798	13799	67
3	13799	13800	68
3	13800	13801	69
3	13801	13802	70
3	13802	13803	71
3	13803	13804	72
3	13804	13805	73
3	13805	13806	74
3	13806	13807	75
3	13807	13808	76
3	13808	13809	77
3	13809	13810	78
3	13810	13811	79
3	13811	13812	80
3	13812	13813	81
3	13813	13814	82
3	13814	13815	83
3	13815	13816	84
3	13816	13817	85
3	13817	13818	86
3	13818	13819	87
3	13819	13820	88
3	13820	13821	89
3	13821	13822	90
3	13822	13823	91
3	13823	13824	92
3	13824	13825	93
3	13825	13826	94
3	13826	13827	95
3	13827	13828	96
3	13828	13829	97
3	13829	13830	98
3	13830	13831	99
3	13831	13832	100
3	13832	13833	101
3	13833	13834	102
3	13834	13835	103
3	13835	13836	104
3	13836	13837	105
3	13837	13838	106
3	13838	13839	107
3	13839	13840	108
3	13840	13841	109
3	13841	13842	110
3	13842	13843	111
3	13843	13844	112
3	13844	13845	113
3	13845	13846	114
3	13846	13847	115
3	13847	13848	116
3	13848	13849	117
3	13849	13850	118
3	13850	13851	119
3	13851	13852	120
3	13852	13853	121
3	13853	13854	122
3	13854	13855	123
3	13855	13856	124
3	13856	13857	125
3	13857	13858	126
3	13858	13859	127
3	13859	13860	128
3	13860	13861	129
3	13861	13862	130
3	13862	13863	131
3	13863	13864	132
3	13864	13865	133
3	13865	13866	134
3	13866	13867	135
3	13867	13868	136
3	13868	13869	137
3	13869	13870	138
3	13870	13871	139
3	13871	13872	140
3	13872	13873	141
3	13873	13874	142
3	13874	13875	143
3	13875	13876	144
3	13876	13877	145
3	13877	13878	146
3	13878	13879	147
3	13879	13880	148
3	13880	13881	149
3	13881	13882	150
3	13882	13883	151
3	13883	13884	152
3	13884	13885	153
3	13885	13886	154
3	13886	13887	155
3	13887	13888	156
3	13888	13889	157
3	13889	13890	158
3	13890	13891	159
3	13891	13892	160
3	13892	13893	161
3	13893	13894	162
3	13894	13895	163
3	13895	13896	164
3	13896	13897	165
3	13897	13898	166
3	13898	13899	167
3	13899	13900	168
3	13900	13901	169
3	13901	13902	170
3	13902	13903	171
3	13903	13904	172
3	13904	13905	173
3	13905	13906	174
3	13906	13907	175
3	13907	13908	176
3	13908	13909	177
3	13909	13910	178
3	13910	13911	179
3	13911	13912	180
3	13912	13913	181
3	13913	13914	182
3	13914	13915	183
3	13915	13916	184
3	13916	13917	185
3	13917	13918	186
3	13918	13919	187
3	13919	13920	188
3	13920	13921	189
3	13921	13922	190
3	13922	13923	191
3	13923	13924	192
3	13924	13925	193
3	13925	13926	194
3	13926	13927	195
3	13927	13928	196
3	13928	13929	197
3	13929	13930	198
3	13930	13931	199
3	13931	13932	200
3	13932	13933	201
3	13933	13934	202
3	13934	13935	203
3	13935	13936	204
3	13936	13937	205
3	13937	13938	206
3	13938	13939	207
3	13939	13940	208
3	13940	13941	209
3	13941	13942	210
3	13942	13943	211
3	13943	13944	212
3	13944	13945	213
3	13945	13946	214
3	13946	13947	215
3	13947	13948	216
3	13948	13949	217
3	13949	13950	218
3	13950	13951	219
3	13951	13952	220
3	13952	13953	221
3	13953	13954	222
3	13954	13955	223
3	13955	13956	224
3	13956	13957	225
3	13957	13958	226
3	13958	13959	227
3	13959	13960	228
3	13960	13961	229
3	13961	13962	230
3	13962	13963	231
3	13963	13964	232
3	13964	13965	233
3	13965	13966	234
3	13966	13967	235
3	13967	13968	236
3	13968	13969	237
3	13969	13970	238
3	13970	13971	239
3	13971	13972	240
3	13972	13973	241
3	13973	13974	242
3	13974	13975	243
3	13975	13976	244
3	13976	13977	245
3	13977	13978	246
3	13978	13979	247
3	13979	13980	248
3	13980	13981	249
3	13981	13982	250
3	13982	13983	251
3	13983	13984	252
3	13984	13985	253
3	13985	13986	254
3	13986	13987	255
3	13987	13988	256
3	13988	13989	257
3	13989	13990	258
3	13990	13991	259
3	13991	13992	260
3	13992	13993	261
3	13993	13994	262
3	13994	13995	263
3	13995	13996	264
3	13996	13997	265
3	13997	13998	266
3	13998	13999	267
3	13999	14000	268
3	14000	14001	269
3	14001	14002	270
3	14002	14003	271
3	14003	13726	272
3	13726	9680	273
3	9680	9695	274
3	9695	9721	275
3	9721	9773	276
3	9773	9779	277
3	9779	9781	278
3	9781	9783	279
3	9783	9787	280
3	9787	9789	281
3	9789	9795	282
3	9795	9801	283
3	9801	9813	284
3	9813	9823	285
3	9823	9928	286
3	9928	9942	287
3	9942	9958	288
3	9958	9974	289
3	9974	9977	290
3	9977	9979	291
3	9979	9982	292
3	9982	9984	293
3	9984	10589	294
3	10589	9972	295
3	9972	9970	296
3	9970	9967	297
3	9967	9965	298
3	9965	9963	299
3	9963	9960	300
3	9960	9956	301
3	9956	9954	302
3	9954	9952	303
3	9952	9950	304
3	9950	9948	305
3	9948	9946	306
3	9946	9944	307
3	9944	9940	308
3	9940	9938	309
3	9938	9936	310
3	9936	9934	311
3	9934	9930	312
3	9930	9831	313
3	9831	9825	314
3	9825	9817	315
3	9817	9811	316
3	9811	9807	317
3	9807	9803	318
3	9803	9797	319
3	9797	9769	320
3	9769	13728	321
3	13728	9705	322
3	9705	13731	323
MARKER_TAG= SEND_RECEIVE
MARKER_ELEMS= 109
SEND_TO= 1
1	9701	1	0
1	13729	1	1
1	9749	1	2
1	9751	1	3
1	9753	1	4
1	9755	1	5
1	9757	1	6
1	9759	1	7
1	9761	1	8
1	9763	1	9
1	9765	1	10
1	9767	1	11
1	9771	1	12
1	9775	1	13
1	9777	1	14
1	9785	1	15
1	9791	1	16
1	9793	1	17
1	9799	1	18
1	9805	1	19
1	9809	1	20
1	9815	1	21
1	9819	1	22
1	9821	1	23
1	9827	1	24
1	9829	1	25
1	9833	1	26
1	9886	1	27
1	9918	1	28
1	9922	1	29
1	9924	1	30
1	10594	1	31
1	9932	1	32
1	9926	1	33
1	9920	1	34
1	9916	1	35
1	9914	1	36
1	9912	1	37
1	9910	1	38
1	9908	1	39
1	9906	1	40
1	9904	1	41
1	9902	1	42
1	9900	1	43
1	9898	1	44
1	9896	1	45
1	9894	1	46
1	9892	1	47
1	9890	1	48
1	9888	1	49
1	13730	1	50
1	9678	2	51
1	9679	2	52
1	9694	2	53
1	9704	2	54
1	9706	2	55
1	9707	2	56
1	9720	2	57
1	9768	2	58
1	9772	2	59
1	9778	2	60
1	9780	2	61
1	9782	2	62
1	9786	2	63
1	9788	2	64
1	9794	2	65
1	9796	2	66
1	9800	2	67
1	9802	2	68
1	9806	2	69
1	9810	2	70
1	9812	2	71
1	9816	2	72
1	9822	2	73
1	9824	2	74
1	9830	2	75
1	9927	2	76
1	9929	2	77
1	9933	2	78
1	9935	2	79
1	9937	2	80
1	9939	2	81
1	9941	2	82
1	9943	2	83
1	9945	2	84
1	9947	2	85
1	9949	2	86
1	9951	2	87
1	9953	2	88
1	9955	2	89
1	9957	2	90
1	9959	2	91
1	9961	2	92
1	9962	2	93
1	9964	2	94
1	9966	2	95
1	9968	2	96
1	9969	2	97
1	9971	2	98
1	9973	2	99
1	9975	2	100
1	9976	2	101
1	9978	2	102
1	9980	2	103
1	9981	2	104
1	9983	2	105
1	9985	2	106
1	10588	2	107
1	13727	2	108
MARKER_TAG= SEND_RECEIVE
MARKER_ELEMS= 109
SEND_TO= -1
1	14054	1	0
1	14053	1	1
1	14052	1	2
1	14051	1	3
1	14050	1	4
1	14049	1	5
1	14048	1	6
1	14047	1	7
1	14046	1	8
1	14045	1	9
1	14044	1	10
1	14043	1	11
1	14042	1	12
1	14041	1	13
1	14040	1	14
1	14039	1	15
1	14038	1	16
1	14037	1	17
1	14036	1	18
1	14035	1	19
1	14034	1	20
1	14033	1	21
1	14032	1	22
1	14031	1	23
1	14030	1	24
1	14029	1	25
1	14028	1	26
1	14027	1	27
1	14026	1	28
1	14025	1	29
1	14024	1	30
1	14023	1	31
1	14022	1	32
1	14021	1	33
1	14020	1	34
1	14019	1	35
1	14018	1	36
1	14017	1	37
1	14016	1	38
1	14015	1	39
1	14014	1	40
1	14013	1	41
1	14012	1	42
1	14011	1	43
1	14010	1	44
1	14009	1	45
1	14008	1	46
1	14007	1	47
1	14006	1	48
1	14005	1	49
1	14004	1	50
1	14055	2	51
1	14056	2	52
1	14057	2	53
1	14058	2	54
1	14059	2	55
1	14060	2	56
1	14061	2	57
1	14062	2	58
1	14063	2	59
1	14064	2	60
1	14065	2	61
1	14066	2	62
1	14067	2	63
1	14068	2	64
1	14069	2	65
1	14070	2	66
1	14071	2	67
1	14072	2	68
1	14073	2	69
1	14074	2	70
1	14075	2	71
1	14076	2	72
1	14077	2	73
1	14078	2	74
1	14079	2	75
1	14080	2	76
1	14081	2	77
1	14082	2	78
1	14083	2	79
1	14084	2	80
1	14085	2	81
1	14086	2	82
1	14087	2	83
1	14088	2	84
1	14089	2	85
1	14090	2	86
1	14091	2	87
1	14092	2	88
1	14093	2	89
1	14094	2	90
1	14095	2	91
1	14096	2	92
1	14097	2	93
1	14098	2	94
1	14099	2	95
1	14100	2	96
1	14101	2	97
1	14102	2	98
1	14103	2	99
1	14104	2	100
1	14105	2	101
1	14106	2	102
1	14107	2	103
1	14108	2	104
1	14109	2	105
1	14110	2	106
1	14111	2	107
1	14112	2	108
